1526286205512
1526286206527
1526286207531
1526286208536
1526286209540
1526286210546
1526286211550
1526286212554
1526286213560
1526286214564
1526286215571
1526286216578
1526286217587
1526286218591
1526286219596
1526286220613
1526286221673
1526286222677
1526286223683
1526286224688
1526286226260
1526286227269
1526286228273
1526286229323
1526286230328
1526286231336
1526286232341
1526286233344
1526286234350
1526286235355
1526286236362
1526286237367
1526286238374
1526286239379
1526286240385
1526286241390
1526286242395
1526286243400
1526286244405
1526286245412
1526286246417
1526286247424
1526286248426
1526286249433
1526286250439
1526286251443
1526286252450
1526286253454
1526286254458
1526286255466
1526286256470
1526286257475
1526286258479
1526286259484
1526286260491
1526286261496
1526286262504
1526286263508
1526286264518
1526286265522
1526286266527
1526286267536
1526286268541
1526286269544
1526286270550
1526286271552
1526286272558
1526286273566
1526286274573
1526286275587
1526286276607
1526286277608
1526286278612
1526286279618
1526286280625
1526286281633
1526286282639
1526286283661
1526286284666
